232682
102171
174681
322146
322153
499203
282139
328843
409208
409232
687959
859441
36906
45791
219755
352929
357194
870732
1682402
407939
41280
89787
270736
94203
454241
469871
1131533
148546
310491
286410
375648
909470
1498899
1755758
2028480
99195
394663
1279134
1769446
2093503
1351737
703483
323018
1112942
1765058
2520548
278951
5562
1765068
193038
155171
2082640
883863
1159555
1130685
2599335
87630
305855
1730695
187219
186527
95315
308908
1775725
189362
1910955
5618
5326
319404
1329065
89800
139396
71799
236267
139078
181884
188061
181930
71907
1487344
1912947
139393
355703
355714
411590
